1.751677926226300386e+01 1.890887457834940832e+01 1.861741357899040494e+01 1.850795800506993416e+01 1.845155324723453205e+01
4.679858107426316138e+00 5.885128215004714392e+00 5.621139246848561477e+00 5.515319240895100172e+00 5.459871777558165995e+00
2.174967539142087070e+00 3.224810592271767362e+00 2.991939643562776752e+00 2.890532859617111150e+00 2.836268392303900043e+00
1.222237507778865195e+00 2.141390221631810586e+00 1.941584454422620176e+00 1.845268909342874686e+00 1.792399068079370883e+00
7.624532735749367518e-01 1.570387766635962690e+00 1.404048457290461238e+00 1.313392474217856210e+00 1.262112670756461164e+00
5.096032998652459955e-01 1.221881246176802494e+00 1.088122793425230217e+00 1.003579403481546839e+00 9.540670500571000190e-01
3.580980072105437451e-01 9.874441966513949342e-01 8.844026683373586994e-01 8.063083054107594849e-01 7.587214237292941865e-01
2.614988935723662755e-01 8.185610642091584177e-01 7.437044190160488899e-01 6.722815074198889018e-01 6.267577390539809112e-01
1.968970870870749845e-01 6.907521062440246107e-01 6.411589237920199968e-01 5.765217849101978986e-01 5.331778012607871764e-01
1.520157476879573366e-01 5.905004398775858254e-01 5.630892861035078356e-01 5.052526839096704858e-01 4.641839819762211827e-01
1.198445732149347326e-01 5.097760544328662213e-01 5.014800828064748250e-01 4.503696870766054072e-01 4.116507469181897028e-01
9.617224301568937095e-02 4.435024519939113063e-01 4.513922309484311723e-01 4.068562924374792278e-01 3.705410637315635913e-01
7.836102448735753068e-02 3.882930508595263119e-01 4.096551518402345438e-01 3.714767430910866919e-01 3.375994217885638360e-01
6.469976218184629591e-02 3.417817131982675005e-01 3.741622358687193284e-01 3.420715005811733045e-01 3.106475523605498612e-01
5.404457056385250646e-02 3.022493849449353620e-01 3.434713993292953238e-01 3.171573587230301361e-01 2.881847436918904548e-01
4.561063563842548962e-02 2.684060943434772306e-01 3.165688232383737089e-01 2.956903978516775555e-01 2.691509505572439176e-01
3.884710161258140421e-02 2.392581093138812509e-01 2.927241645694519390e-01 2.769201753214372008e-01 2.527810953715209363e-01
3.335946984314748509e-02 2.140236418922944472e-01 2.713991243676954768e-01 2.602971311859965109e-01 2.385125423586126614e-01
2.886011109697021737e-02 1.920772637484245426e-01 2.521882170125155920e-01 2.454121332410677536e-01 2.259246725669979972e-01
2.513591938082946134e-02 1.729119143757429089e-01 2.347795498003024395e-01 2.319560345055853290e-01 2.146984371365084909e-01
2.202669958925284818e-02 1.561120693256310976e-01 2.189283545372099071e-01 2.196920329424287277e-01 2.045886833798984394e-01
1.941043852268498418e-02 1.413342309862012924e-01 2.044388241835068398e-01 2.084364201171439723e-01 1.954048453185988077e-01
1.719308574076922752e-02 1.282923819584075031e-01 1.911514608975374285e-01 1.980449463338398164e-01 1.869972311135355558e-01
1.530134710057533265e-02 1.167469050003481917e-01 1.789341415784792000e-01 1.884030193327099478e-01 1.792471291644508746e-01
1.367752673553243245e-02 1.064959921394837972e-01 1.676757267471699619e-01 1.794185654289246201e-01 1.720595661027214118e-01
1.227578454340987058e-02 9.736888530425685806e-02 1.572814313491665283e-01 1.710167688570517208e-01 1.653579363534775637e-01
1.105938644050289202e-02 8.922049336901891059e-02 1.476694298685047035e-01 1.631361548384055449e-01 1.590799722088606649e-01
9.998660479576194221e-03 8.192706234840545221e-02 1.387683350063379228e-01 1.557256461978337725e-01 1.531746871536759647e-01
9.069461229023034060e-03 7.538266364723029966e-02 1.305153005548081169e-01 1.487423333560738692e-01 1.476000346770381111e-01
8.252004446530654749e-03 6.949632579826425793e-02 1.228545744213328933e-01 1.421497723631409416e-01 1.423210991577287809e-01
7.529974491016092411e-03 6.418967770828670760e-02 1.157363792881491160e-01 1.359166773231268444e-01 1.373086866461979416e-01
6.889834672913344032e-03 5.939500208687175514e-02 1.091160339954420355e-01 1.300159097534330788e-01 1.325382191539115906e-01
6.320290049632564661e-03 5.505362025075848098e-02 1.029532535493326434e-01 1.244236930933473317e-01 1.279888613774085582e-01
5.811865761581223692e-03 5.111454633763001104e-02 9.721158307962526890e-02 1.191189990039998037e-01 1.236428269076793457e-01
5.356573674210039250e-03 4.753336175484530052e-02 9.185793338864155222e-02 1.140830654743869993e-01 1.194848240947447432e-01
4.947647044693850513e-03 4.427127053445527316e-02 8.686219449065145370e-02 1.092990165509480915e-01 1.155016113345175427e-01
4.579327980327405415e-03 4.129430393006206651e-02 8.219690980328145380e-02 1.047515607605199461e-01 1.116816386356370705e-01
4.246696155018598977e-03 3.857264861449832827e-02 7.783699815232113239e-02 1.004267507070195214e-01 1.080147576119505071e-01
3.945529984505522815e-03 3.608007760989911245e-02 7.375951400137668867e-02 9.631179038925892499e-02 1.044919860250219101e-01
3.672193498466232945e-03 3.379346688973366986e-02 6.994343867687165262e-02 9.239487986528902019e-02 1.011053160198407130e-01
3.423543677856815629e-03 3.169238364908272265e-02 6.636949708021350203e-02 8.866508923222421457e-02 9.784755750556926868e-02
3.196854183416683592e-03 2.975873470607343779e-02 6.301999564205391924e-02 8.511225568443929468e-02 9.471220991200923756e-02
2.989752283157770269e-03 2.797646549713425634e-02 5.987867820624383219e-02 8.172689879268889290e-02 9.169335693275455779e-02
2.800166462949000082e-03 2.633130175676285864e-02 5.693059722460801220e-02 7.850015021209534594e-02 8.878557994413886767e-02
2.626282726228132500e-03 2.481052730294912301e-02 5.416199816347007368e-02 7.542369485255935591e-02 8.598388663645478713e-02
2.466507994087834780e-03 2.340279244044947415e-02 5.156021541596774588e-02 7.248972118685675925e-02 8.328365206376835139e-02
2.319439333399609966e-03 2.209794839174922601e-02 4.911357831451380190e-02 6.969087887171970808e-02 8.068056985102289858e-02
2.183837989075307871e-03 2.088690390630786736e-02 4.681132606976472210e-02 6.702024224765183724e-02 7.817061172233079336e-02
2.058607392652764528e-03 1.976150081173871226e-02 4.464353064390633175e-02 6.447127858863360705e-02 7.574999385551843545e-02
1.942774474938984385e-03 1.871440577933252206e-02 4.260102670983586387e-02 6.203782021208104069e-02 7.341514884286547138e-02
1.835473734427948370e-03 1.773901599965196224e-02 4.067534796330719848e-02 5.971403974697562372e-02 7.116270226028501011e-02
