1.116147516542902673e+00 4.714811131044988279e+00 5.637691189144699244e+00 6.662891568180715041e+00 7.345294831695028392e+00 2.776872348590806894e+00 1.504749910630323040e-01 -4.279774154279586407e-02 -5.218251596724947372e-02 -3.720692568373649284e-02 -2.287344285267412652e-02 -1.318174763741132918e-02 -7.379183465859392825e-03 -4.084619925369832247e-03 -2.255814500845518353e-03 -1.248421653056672751e-03 -6.936896592608650207e-04 -3.872593325260417904e-04 -2.172081179584513678e-04
7.728241666096717921e-01 1.429383879306360683e+00 1.644824825245659428e+00 1.809048962070212596e+00 1.724035141933194959e+00 1.057853675717491226e+00 3.252037996156116884e-01 5.464531117756919049e-02 -1.191499719454444488e-02 -2.124622396439953750e-02 -1.678278865334043371e-02 -1.092288961503246406e-02 -6.552968337287175780e-03 -3.783058898349783185e-03 -2.145198429115807628e-03 -1.207501705940029670e-03 -6.784049119604518892e-04 -3.814946303412488325e-04 -2.150142616667838336e-04
4.569671725019404107e-01 6.986289034400597897e-01 7.710567998484131325e-01 8.080216391964162304e-01 7.516694829798169497e-01 5.471331085231615488e-01 2.743035640301833000e-01 9.228388286224370463e-02 1.563705874188403219e-02 -7.560772264693057729e-03 -1.083917950870607813e-02 -8.524507882681286314e-03 -5.624769112966153742e-03 -3.431263023956489071e-03 -2.012881399321253366e-03 -1.157732239349753851e-03 -6.596073634150754735e-04 -3.743523207683144131e-04 -2.122825723588399002e-04
2.891156263358939937e-01 3.988252760887571746e-01 4.273859749230176086e-01 4.378217114869222271e-01 4.099450586796270501e-01 3.267405465772003637e-01 2.043598248403092621e-01 9.508719148914293595e-02 3.040876141196270643e-02 2.695042908619996007e-03 -5.573500957063203323e-03 -6.169124227255058310e-03 -4.649330470208636913e-03 -3.044469438172908281e-03 -1.862941590938495089e-03 -1.100185397155702040e-03 -6.375772842159155166e-04 -3.659057456814188754e-04 -2.090323278606869505e-04
1.939003986324337736e-01 2.494654063356469831e-01 2.622819156957611475e-01 2.658611126344619935e-01 2.516735467834630424e-01 2.121674581771292312e-01 1.502590094778959162e-01 8.475743865403922994e-02 3.606323919431810021e-02 9.492144881106234083e-03 -1.269273945974753190e-03 -3.995931770921054733e-03 -3.676136086124792614e-03 -2.637904810254671460e-03 -1.699721439919565143e-03 -1.036050855225215898e-03 -6.126342294312137494e-04 -3.562400492449204967e-04 -2.052861799549792485e-04
1.360604190422498028e-01 1.664584146379674001e-01 1.728458602640110531e-01 1.742832591976876400e-01 1.666179013493508110e-01 1.458461117641136062e-01 1.117720594014105229e-01 7.151225193909974132e-02 3.640718698780473495e-02 1.343081557923658624e-02 2.005875219935208779e-03 -2.093562927461658021e-03 -2.745772405688758685e-03 -2.225784826168524834e-03 -1.527603567538002262e-03 -9.665904077100103114e-04 -5.851282959585637263e-04 -3.454505375996761146e-04 -2.010698501151327033e-04
9.896637697319468630e-02 1.166387043076718283e-01 1.201004479002265452e-01 1.207549014797439924e-01 1.163649864150263502e-01 1.045960467091541779e-01 8.461070183410925039e-02 5.909906998092186170e-02 3.411398721516806232e-02 1.528833700669744895e-02 4.330058176446921654e-03 -5.035474713602822085e-04 -1.888182206978986435e-03 -1.820563793706008338e-03 -1.350810281341362782e-03 -8.930932054513010141e-04 -5.554309824927300627e-04 -3.336408982780527548e-04 -1.964117909959995896e-04
7.412702458407628703e-02 8.492813902960583139e-02 8.693467910376213859e-02 8.726395912914453046e-02 8.461760289443094607e-02 7.754983209150598245e-02 6.522162102418931073e-02 4.856297325899173317e-02 3.075762539219716735e-02 1.576493925864354273e-02 5.855364101435172816e-03 7.698551508041014731e-04 -1.122587207344038617e-03 -1.432468280343803402e-03 -1.173238868419644197e-03 -8.168340045092231877e-04 -5.239260230062334992e-04 -3.209213322932005503e-04 -1.913428208688411336e-04
5.689569395209491398e-02 6.378047838262378144e-02 6.500867587734308894e-02 6.518818044773266873e-02 6.352102362949808845e-02 5.907187404639434314e-02 5.114566058132739151e-02 3.996070188074429819e-02 2.716988776256814772e-02 1.539633919100323253e-02 6.754246276306516937e-03 1.747736996697634966e-03 -4.586189851398213822e-04 -1.069303766315529008e-03 -9.983395607061314788e-04 -7.390363120207107993e-04 -4.910005360822735244e-04 -3.074066517278726011e-04 -1.858957385190664795e-04
4.458354065857861315e-02 4.913175223194990449e-02 4.991799669690067526e-02 5.002243432023797953e-02 4.893176398922637060e-02 4.601950198932713842e-02 4.074307591690169705e-02 3.304071074413669762e-02 2.374938368768370403e-02 1.455515369061848030e-02 7.187830467798896929e-03 2.465557530135552809e-03 1.018666928394266081e-04 -7.364911026763933544e-04 -8.290379005714349414e-04 -6.608417548191941387e-04 -4.570367870233122635e-04 -2.932143934334220463e-04 -1.801049262332301377e-04
3.556206030635060411e-02 3.866050158826122435e-02 3.918301003869372606e-02 3.924711202780926250e-02 3.851005894783424838e-02 3.653988888811821739e-02 3.292140175942281921e-02 2.749462860702644312e-02 2.066110820989525143e-02 1.348432965224818925e-02 7.291625703360629651e-03 2.964590826026060073e-03 5.627515396215176154e-04 -4.372725189849848131e-04 -6.676989201263201779e-04 -5.832864108607573343e-04 -4.224048022638627947e-04 -2.784629954034209759e-04 -1.740059483952584838e-04
2.880666222736427695e-02 3.097451480618749683e-02 3.133291488444939904e-02 3.137404969441951602e-02 3.086178929089156836e-02 2.949078642974929665e-02 2.694458597316914603e-02 2.304148817424301818e-02 1.795129323401644869e-02 1.233425146248380913e-02 7.172189610357126641e-03 3.286118540750075125e-03 9.317215107348765296e-04 -1.730235563513811837e-04 -5.161274417749729540e-04 -5.072842932138614926e-04 -3.874560114855276965e-04 -2.632700768515193620e-04 -1.676351529068307688e-04
2.365144521382783055e-02 2.520399900879585764e-02 2.545658102521050625e-02 2.548398439694905815e-02 2.511914669948806314e-02 2.414147730899520589e-02 2.230902041940361138e-02 1.944910731412970856e-02 1.560972619699951131e-02 1.119328917076456258e-02 6.909443474616026523e-03 3.468011844285698222e-03 1.218628117110138239e-03 5.638613806095901917e-05 -3.755970113096327302e-04 -4.336177053901343979e-04 -3.525180270430468537e-04 -2.477508563926559865e-04 -1.610292821659195419e-04
1.965128660135623609e-02 2.078626556971879466e-02 2.096849174800855323e-02 2.098733784849381168e-02 2.072186254571590017e-02 2.000961459266480807e-02 1.866438490916641144e-02 1.653331648943402038e-02 1.360226792823053532e-02 1.011000294534157920e-02 6.561198856173096686e-03 3.543095310473595196e-03 1.434218349939056589e-03 2.522281096311870612e-04 -2.468993729710486536e-04 -3.629338222266710427e-04 -3.178906073407017450e-04 -2.320167354132228682e-04 -1.542250997084847089e-04
1.650121743331310620e-02 1.734619141550004448e-02 1.748037698281148383e-02 1.749369713213648828e-02 1.729682766639549854e-02 1.676806865960081896e-02 1.576294805424404560e-02 1.415059571273656960e-02 1.188719416080763480e-02 9.108243507073485873e-03 6.168016692444434380e-03 3.538690182971532608e-03 1.589228549987618420e-03 4.165776097293541979e-04 -1.304067379317258547e-04 -2.957466027642471494e-04 -2.838427942280484246e-04 -2.161740661232265984e-04 -1.472590378724634736e-04
1.398768304100731462e-02 1.462706556189891094e-02 1.472767280545436708e-02 1.473731292383043991e-02 1.458883900633171915e-02 1.418967031916135331e-02 1.342673543696357510e-02 1.218982441091267903e-02 1.042298865752204484e-02 8.197013483007413101e-03 5.757541850618958651e-03 3.476851512294411306e-03 1.693793712197602837e-03 5.520215772755329101e-04 -2.614007853130066787e-05 -2.324430068650676340e-04 -2.506111668336893092e-04 -2.003231162831045642e-04 -1.401668710135443028e-04
1.195820163528507445e-02 1.244912643299805541e-02 1.252577448719098194e-02 1.253289715150357128e-02 1.241922153286662694e-02 1.211333771797075062e-02 1.152596511023946599e-02 1.056501267374599339e-02 9.171720116426260519e-03 7.376731444651703565e-03 5.348030701815558938e-03 3.374955044856623419e-03 1.757106372946507910e-03 6.614199100859666615e-04 6.616199513726887273e-05 -1.732924516583766268e-04 -2.183991169637187471e-04 -1.845572355094492786e-04 -1.329834179219694756e-04
1.030197832202777927e-02 1.068390918506949283e-02 1.074314470270536573e-02 1.074850407871883601e-02 1.066028319427687367e-02 1.042270706392428581e-02 9.964666163193908535e-03 9.209433044601563270e-03 8.100200163730909148e-03 6.643124767187345153e-03 4.951070441803470668e-03 3.246413244144962136e-03 1.787258787249031491e-03 7.477203366373370418e-04 1.469777971183529178e-04 -1.184584871690545375e-04 -1.873770246971990573e-04 -1.689622216436550755e-04 -1.257422761907036929e-04
8.937227287568186990e-03 9.237927919810824673e-03 9.284298817488953123e-03 9.288397076429883575e-03 9.219086888637373356e-03 9.032305297337573854e-03 8.670939467183391702e-03 8.071065147516619243e-03 7.180074783259009566e-03 5.989599075373750608e-03 4.573602777926639301e-03 3.101392213524975603e-03 1.791210561340417836e-03 8.138224390976267096e-04 2.169432426702171319e-04 -6.801177026180743113e-05 -1.576831967176302101e-04 -1.536158801018793808e-04 -1.184755903971421382e-04
7.802705288155927996e-03 8.042036177791582474e-03 8.078760596033190619e-03 8.081939966719372745e-03 8.026877492417525128e-03 7.878398245931058502e-03 7.590262776529243215e-03 7.109123809259473847e-03 6.387444281038759039e-03 5.408646182338504999e-03 4.219393495625283104e-03 2.947463709986309320e-03 1.774835709160609140e-03 8.624838636792010087e-04 2.768001595493160935e-04 -2.194355063862491649e-05 -1.294254231981285743e-04 -1.385877645301484380e-04 -1.112138551090345324e-04
6.851949090931827580e-03 7.044334487523722099e-03 7.073727788356304856e-03 7.076226388690157881e-03 7.032036547868724535e-03 6.912808958559016337e-03 6.680822077803499209e-03 6.291433625838819058e-03 5.702312139768200665e-03 4.892653694309968306e-03 3.890080451925009321e-03 2.790165265435460337e-03 1.743014955085986405e-03 8.962608760609449936e-04 3.273528308421901783e-04 1.982096685170842593e-05 -1.026830102647588569e-04 -1.239390835157344422e-04 -1.039857529322167791e-04
6.049284836125308137e-03 6.205347183500898450e-03 6.229100526318674842e-03 6.231087153416480645e-03 6.195291890737602940e-03 6.098664802872873388e-03 5.910211256314107375e-03 5.592447615591018655e-03 5.108008496363418069e-03 4.434347265021917547e-03 3.585910209188694891e-03 2.633463675317592595e-03 1.699749389155662737e-03 9.174756101672689856e-04 3.694326873079739311e-04 5.740986793518720031e-05 -7.750915254071856096e-05 -1.097227555482794355e-04 -9.681802710025520678e-05
5.367020368292695076e-03 5.494682644267600939e-03 5.514048366792679255e-03 5.515644709364771019e-03 5.486400611722654953e-03 5.407422206225186503e-03 5.253068791801082660e-03 4.991749902780230966e-03 4.590653828462505290e-03 4.027010771408125016e-03 3.306249322058793516e-03 2.480128596435547065e-03 1.648279740368119566e-03 9.282031588620908574e-04 4.038706085913581025e-04 9.099272558082671647e-05 -5.393352232810660934e-05 -9.598359282738048027e-05 -8.973538747670419913e-05
4.783440923496438089e-03 4.888682391016400779e-03 4.904599618080919717e-03 4.905894753738991414e-03 4.881813917407008471e-03 4.816753180042315265e-03 4.689364765490128435e-03 4.472920342167583350e-03 4.138687725544855367e-03 3.664574960069640411e-03 3.049934886963232266e-03 2.332027954185646700e-03 1.591201602293305277e-03 9.302727312811209445e-04 4.314760186376236442e-04 1.207699659748759976e-04 -3.196496701230377643e-05 -8.275859378737508688e-05 -8.276044830725964234e-05
4.281359000592139391e-03 4.368741222631829409e-03 4.381922390188701562e-03 4.382982438323834370e-03 4.363008254546201642e-03 4.309022824984213781e-03 4.203144958507864029e-03 4.022669617107772419e-03 3.742467676033425610e-03 3.341630520002251709e-03 2.815511701616907510e-03 2.190358130121086971e-03 1.530571225592663575e-03 9.252782334742248437e-04 4.530218301384948492e-04 1.469635180169158841e-04 -1.159422286135068405e-05 -7.007732424031887968e-05 -7.591369562528335808e-05
3.847052103126608492e-03 3.920090200858745641e-03 3.931081565877316691e-03 3.931956233102096993e-03 3.915276010383422940e-03 3.870178316555722767e-03 3.781600118149644127e-03 3.630176859166766093e-03 3.393933679895225208e-03 3.053399815832842298e-03 2.601390156184336597e-03 2.055821265618896446e-03 1.467999365863085050e-03 9.145946868931633528e-04 4.692342663988595289e-04 1.698087777484691679e-04 7.203429636997847024e-06 -5.796236769624926038e-05 -6.921348187977318842e-05
3.469475612783649420e-03 3.530903707172684293e-03 3.540128258821827276e-03 3.540855351948161891e-03 3.526838029463741364e-03 3.488928433704777902e-03 3.414369189370092088e-03 3.286579454490809113e-03 3.086330910229416555e-03 2.795687951018322077e-03 2.405949158606685186e-03 1.928760534442803230e-03 1.404732506466242975e-03 8.993978180627615424e-04 4.807866323597389819e-04 1.895478567229973469e-04 2.446562732151342088e-05 -4.642982657305229187e-05 -6.267604511640688825e-05
3.139673268099061124e-03 3.191636558664267057e-03 3.199424843757997690e-03 3.200033429442587958e-03 3.188184626323948591e-03 3.156130913904715840e-03 3.093012708021695544e-03 2.984577737713928550e-03 2.813981798971707492e-03 2.564825404210433098e-03 2.227601254282570754e-03 1.809262497527926259e-03 1.341721870062184338e-03 8.806849102758816487e-04 4.882961920290356190e-04 2.064240392151681688e-04 4.024054596894651977e-05 -3.548985752705900373e-05 -5.631554989367495930e-05
2.850331221233813172e-03 2.894526542151999206e-03 2.901139074749152242e-03 2.901651723071483648e-03 2.891580924887299058e-03 2.864330266079699074e-03 2.810611214637965139e-03 2.718126866404423862e-03 2.572099344007995267e-03 2.357609280791402809e-03 2.064831976218827175e-03 1.697233962849882538e-03 1.279681226793265769e-03 8.592956077014950742e-04 4.923234164113983327e-04 2.206773446142407233e-04 5.458471154360558899e-05 -2.514722589954856692e-05 -5.014414704923145406e-05
2.595437551158997699e-03 2.633217305260245229e-03 2.638861039911670481e-03 2.639295438384793580e-03 2.630691786479231672e-03 2.607405734728698594e-03 2.561456408119998016e-03 2.482195217479824488e-03 2.356634371886249472e-03 2.171247038532404978e-03 1.916221820533152778e-03 1.592459270278233667e-03 1.219134776312565420e-03 8.359318206854134429e-04 4.933729794183509517e-04 2.325410754202235147e-04 6.756101891506726548e-05 -1.540186617638089207e-05 -4.417204943690404345e-05
2.370020020567823078e-03 2.402469788203240916e-03 2.407310355311723798e-03 2.407680484101623955e-03 2.400294733193042603e-03 2.380300752860108147e-03 2.340811720277540670e-03 2.272573832187034515e-03 2.164150564817084264e-03 2.003304622409265209e-03 1.780456672166767047e-03 1.494642651847427617e-03 1.160456448634625140e-03 8.111762205567419649e-04 4.918959894271859130e-04 2.422392251238937523e-04 7.923696607464058477e-05 -6.249437306430398885e-06 -3.840762082198476276e-05
2.169942438810942235e-03 2.197939463066340797e-03 2.202110344841787682e-03 2.202427342147198885e-03 2.196058288426153051e-03 2.178813271045098622e-03 2.144725303308775768e-03 2.085725261315186582e-03 1.991722095402965499e-03 1.851659802293624188e-03 1.656330700764972654e-03 1.403439280158568035e-03 1.103901919246311029e-03 7.855090559610659580e-04 4.882930452819695755e-04 2.499846213382834201e-04 8.968310398277153236e-05 2.318136355687759986e-06 -3.285747524081403514e-05
1.991745314315076197e-03 2.016002956031270020e-03 2.019612430587740867e-03 2.019885236565493666e-03 2.014369418675235335e-03 1.999431981947312389e-03 1.969882911848449235e-03 1.918662994868625214e-03 1.836849633798889880e-03 1.714460849694152828e-03 1.542744484076678888e-03 1.318477787974209293e-03 1.049634522406160675e-03 7.593231918056239085e-04 4.829177945817840750e-04 2.559776856624391039e-04 9.897169605491281611e-05 1.031214588443848007e-05 -2.752658428972752601e-05
1.832520258732681139e-03 1.853622062069826357e-03 1.856758503330123693e-03 1.856994343937255895e-03 1.852198162865207427e-03 1.839207444809795805e-03 1.813491385669382906e-03 1.768854767472897993e-03 1.697391278193117765e-03 1.590090328805787668e-03 1.438700235935624775e-03 1.239376389077640264e-03 9.977461081599561278e-04 7.329373845011505567e-04 4.760807480391487803e-04 2.604057010982624106e-04 1.071755767615227269e-04 1.774660609503818788e-05 -2.241838999810233924e-05
1.689810316135730581e-03 1.708236313018853371e-03 1.710972268156235989e-03 1.711177022042069482e-03 1.706990664784143776e-03 1.695649964119982228e-03 1.673185776163621215e-03 1.634144605879424240e-03 1.571505613835046111e-03 1.477133595866220780e-03 1.343295404129114497e-03 1.165754222322205099e-03 9.482737445484283557e-04 7.066078781991295662e-04 4.680531667494683043e-04 2.634424889938217422e-04 1.143671956692590051e-04 2.463779548790038593e-05 -1.753492115115825179e-05
1.561530354442570772e-03 1.577677523208738039e-03 1.580072873278486273e-03 1.580251352387374020e-03 1.576584072032942126e-03 1.566648134856683241e-03 1.546954868330559923e-03 1.512689668476191289e-03 1.457604642114280081e-03 1.374351526349345404e-03 1.255715479803732682e-03 1.097239148668976722e-03 9.012130288520649353e-04 6.805384479052584102e-04 4.590708903797734446e-04 2.652484093858798429e-04 1.206178312664361928e-04 3.100383061443089480e-05 -1.287691115194748916e-05
1.445903091890082901e-03 1.460101378271726116e-03 1.462205805627536529e-03 1.462361971540009813e-03 1.459138395501228137e-03 1.450403467198570044e-03 1.433081109499968015e-03 1.402908820761101464e-03 1.354314756514326786e-03 1.280656976685320535e-03 1.175226567883410787e-03 1.033472930312328815e-03 8.565286466879933665e-04 6.548890357214791303e-04 4.493380149375780569e-04 2.659706104934122552e-04 1.259969578829661066e-04 3.686427646828070774e-05 -8.443915741210173423e-06
1.341407389896920712e-03 1.353932334294585902e-03 1.355787261798175594e-03 1.355924393794807632e-03 1.353081617224553704e-03 1.345377607174579743e-03 1.330091891788878463e-03 1.303440569718798941e-03 1.260444293566630744e-03 1.195094508226689309e-03 1.101168067537853807e-03 9.741144915094640880e-04 8.141627078699111269e-04 6.297831327858676668e-04 4.390303604311366812e-04 2.657434644506685511e-04 1.305717487346243026e-04 4.223979350334256200e-05 -4.234429122221233185e-06
1.246736230542734884e-03 1.257818981705482054e-03 1.259459106515635387e-03 1.259579933072124160e-03 1.257065216205379907e-03 1.250249488246854990e-03 1.236719835768700614e-03 1.213108498449795829e-03 1.174956469480921157e-03 1.116822939226081411e-03 1.032945675187207316e-03 9.188417862472480742e-04 7.740412935216242673e-04 6.053140566881857467e-04 4.282986928728529756e-04 2.646891368346609790e-04 1.344066984156210183e-04 4.715182105128153849e-05 -2.459972602150790486e-07
1.160762386367250121e-03 1.170597688841715656e-03 1.172052202870146062e-03 1.172159005236425100e-03 1.169927938379397049e-03 1.163880360705929918e-03 1.151870250926248680e-03 1.130892740300923523e-03 1.096946740013114707e-03 1.045100335615793815e-03 9.700248303695180405e-04 8.673526656096405916e-04 7.360795691537510904e-04 5.815502657807755486e-04 4.172716830877764844e-04 2.629182469571323213e-04 1.375633488776863134e-04 5.162229624547097934e-05 3.524672661657004639e-06
1.082510235045364968e-03 1.091262835794611433e-03 1.092556402407753556e-03 1.092651096719463207e-03 1.090666129688615000e-03 1.085285106629642251e-03 1.074594349380279378e-03 1.055906338740289410e-03 1.025623803247186676e-03 9.792710975807174690e-04 9.119246634006984622e-04 8.193650376856479638e-04 7.001857518338088383e-04 5.585398403574007862e-04 4.060585978901895543e-04 2.605305841823820755e-04 1.401001039380966179e-04 5.567340704024861407e-05 7.081607448740462659e-06
1.011132509554899667e-03 1.018942323800419748e-03 1.020095863711804494e-03 1.020180066477804470e-03 1.018409323799718876e-03 1.013608597766254508e-03 1.004067095604540107e-03 9.873755772847677033e-04 9.602936112190468138e-04 9.187548431029244223e-04 8.582124635993345014e-04 7.746165373821562415e-04 6.662641645420071517e-04 5.363142478245538219e-04 3.947517284298947878e-04 2.576158527028723339e-04 1.420721185465677761e-04 5.932737752813378496e-05 1.042946839886536843e-05
9.458910330711363520e-04 9.528773306652099260e-04 9.539086575765217194e-04 9.539837382081604433e-04 9.524000596846315340e-04 9.481061207124825366e-04 9.395688103897388219e-04 9.246235493198366479e-04 9.003458738947551577e-04 8.630368302263969303e-04 8.084986612832944499e-04 7.328638666679522951e-04 6.342175656411616928e-04 5.148914958535018814e-04 3.834285667607510175e-04 2.542544233075469287e-04 1.435312503266322987e-04 6.260628348616172675e-05 1.357345757228325584e-05
8.861406869223138402e-04 8.924055012886804653e-04 8.933298385478008561e-04 8.933969617239763579e-04 8.919771217169948424e-04 8.881270990032944434e-04 8.804698294017187891e-04 8.670563829448267286e-04 8.452426337039868100e-04 8.116596960898962839e-04 7.624323011374333024e-04 6.938819230587382021e-04 6.039489045410718036e-04 4.942787647789360483e-04 3.721537456634354158e-04 2.505180757971760741e-04 1.445260622251053496e-04 6.553189590904010410e-05 1.651923014670860494e-05
8.313160141488407573e-04 8.369469309254840310e-04 8.377773334548779122e-04 8.378374934669475561e-04 8.365615626627463533e-04 8.331015004729015565e-04 8.262176583572569157e-04 8.141516502960425379e-04 7.945085652301751410e-04 7.642163226995772000e-04 7.196969756765894633e-04 6.574628021192016137e-04 5.753626247116480239e-04 4.744745986156842683e-04 3.609807590383822809e-04 2.464707199369381256e-04 1.451018664041907606e-04 6.812555019538869524e-05 1.927281304517023259e-05
7.809199813389427602e-04 7.859924296216482670e-04 7.867401300386915857e-04 7.867941787711223113e-04 7.856450001055891117e-04 7.825284417443570222e-04 7.763261776349070350e-04 7.654485811618246720e-04 7.477227164396299877e-04 7.203436671570230109e-04 6.800071831464606130e-04 6.234147357949701776e-04 5.483656109835899871e-04 4.554707232154107640e-04 3.499534812293563467e-04 2.421690862949203520e-04 1.453008007592537809e-04 7.040803862898371347e-05 2.184052991039932756e-05
7.345145155136857977e-04 7.390936583408155847e-04 7.397683521140233998e-04 7.398170219474952888e-04 7.387797784455800865e-04 7.359665983240305191e-04 7.303665362478163137e-04 7.205397724468201245e-04 7.045114579104559769e-04 6.797174179709872862e-04 6.431050727681438765e-04 5.915610105140372285e-04 5.228678585388432014e-04 4.372535503659179018e-04 3.391075037989139409e-04 2.376633811012518113e-04 1.451619306172442238e-04 7.239952382615731869e-05 2.422893240229287247e-05
6.917125069349801389e-04 6.958548073979470934e-04 6.964648887459643466e-04 6.965088113886202257e-04 6.955706683482883439e-04 6.930261047733996069e-04 6.879594439374524771e-04 6.790641422499989460e-04 6.645424472172946177e-04 6.420473595712742048e-04 6.087575406736919336e-04 5.617388957141302482e-04 4.987829252694529845e-04 4.198054180470931276e-04 3.284713078275963054e-04 2.329979014755330889e-04 1.447213692512540296e-04 7.411947089128152017e-05 2.644473771365579424e-05
6.521710273578693344e-04 6.559255510098422649e-04 6.564783088228577472e-04 6.565180308601279617e-04 6.556678384364230143e-04 6.533616895135140826e-04 6.487686248001670953e-04 6.407009231289460208e-04 6.275194487844188004e-04 6.070733446294750970e-04 5.767536414710710841e-04 5.337986036249826134e-04 4.760282165541785369e-04 4.031056095483711525e-04 3.180672889563966274e-04 2.282116091012091142e-04 1.440124118278753528e-04 7.558659612410086525e-05 2.849477213279090053e-05
6.155855598911885154e-04 6.189950618748487829e-04 6.194968430499141459e-04 6.195328388374717098e-04 6.187608839063640006e-04 6.166668365533722364e-04 6.124952394550634265e-04 6.051645259521952567e-04 5.931778766060609226e-04 5.745617886725437390e-04 5.469022826233545589e-04 5.076022939047440848e-04 4.545251413756209568e-04 3.871311876420055888e-04 3.079126512914606793e-04 2.233386617560366959e-04 1.430656782834102323e-04 7.681883024661102614e-05 3.038592042831261264e-05
5.816850738990311798e-04 5.847869096122168282e-04 5.852432557174231959e-04 5.852759381132716446e-04 5.845737365064103451e-04 5.826688045389737981e-04 5.788731176941125248e-04 5.722001354685850565e-04 5.612809494201970216e-04 5.443026141167237085e-04 5.190301713986751695e-04 4.830231314498711838e-04 4.341991705929242485e-04 3.718576743996117448e-04 2.980201850545364964e-04 2.184089031093578727e-04 1.419092614040180192e-04 7.783329425566722125e-05 3.212508079046782995e-05
